x = [
    1.5000   -0.5000         0
    1.5000    0.5000         0
    1.5000         0    0.7500
         0         0    0.7500
         0   -2.5000    0.7500
         0    2.5000    0.7500
];

Tn = [
     1     2
     3     4
     3     5
     4     5
     3     6
     4     6
     1     3
     2     3
     1     4
     2     4
     1     5
     2     6
];

Tm = [
     2
     2
     2
     2
     2
     2
     1
     1
     1
     1
     1
     1
 ];